pages/index.html : 1596910906.8007991
pages/subdir/index.html : 1597016258.936437
pages/cinnamo.html : 1596992037.1003609
pages/index.pyhp : 1597008196.3549232
